m: 0.018704
iter: 1, l: 0.050000, l*m: 0.000935

ans =

     1


ans =

     0

iter: 2, l: 0.100000, l*m: 0.001870

ans =

     1


ans =

     0

iter: 3, l: 0.150000, l*m: 0.002806

ans =

   0.995322000000003


ans =

     4.502818818818842e-06

iter: 4, l: 0.200000, l*m: 0.003741

ans =

   0.909148999999999


ans =

     9.039719619619613e-05

iter: 5, l: 0.250000, l*m: 0.004676

ans =

   0.691029000000001


ans =

     2.185887477477460e-04

iter: 6, l: 0.300000, l*m: 0.005611

ans =

   0.448714000000000


ans =

     2.605687727727733e-04

iter: 7, l: 0.350000, l*m: 0.006546

ans =

   0.263103000000000


ans =

     1.796620530530531e-04

iter: 8, l: 0.400000, l*m: 0.007481

ans =

   0.144438000000000


ans =

     1.118560120120120e-04

iter: 9, l: 0.450000, l*m: 0.008417

ans =

   0.076141000000000


ans =

     6.945657557557554e-05

iter: 10, l: 0.500000, l*m: 0.009352

ans =

   0.039114000000000


ans =

     3.851952352352346e-05

iter: 11, l: 0.550000, l*m: 0.010287

ans =

   0.019249000000000


ans =

     1.815115015015014e-05

iter: 12, l: 0.600000, l*m: 0.011222

ans =

   0.009381000000000


ans =

     9.581420420420351e-06

iter: 13, l: 0.650000, l*m: 0.012157

ans =

   0.004331000000000


ans =

     4.393832832832830e-06

iter: 14, l: 0.700000, l*m: 0.013093

ans =

   0.001904000000000


ans =

     1.876660660660679e-06

iter: 15, l: 0.750000, l*m: 0.014028

ans =

     7.620000000000005e-04


ans =

     7.521081081081158e-07

iter: 16, l: 0.800000, l*m: 0.014963

ans =

     2.660000000000002e-04


ans =

     2.655095095095101e-07

iter: 17, l: 0.850000, l*m: 0.015898

ans =

     8.500000000000006e-05


ans =

     8.185685685685551e-08

iter: 18, l: 0.900000, l*m: 0.016833

ans =

     2.500000000000001e-05


ans =

     2.439939939939911e-08

iter: 19, l: 0.950000, l*m: 0.017768

ans =

     4.000000000000000e-06


ans =

     3.987987987987990e-09

iter: 20, l: 1.000000, l*m: 0.018704

ans =

     0


ans =

     0