m: 14.851259
iter: 1, l: 0.050000, l*m: 0.742563

ans =

   0.030465000000000


ans =

     2.693170670670674e-05

iter: 2, l: 0.100000, l*m: 1.485126

ans =

   0.016496000000000


ans =

     1.478076476476472e-05

iter: 3, l: 0.150000, l*m: 2.227689

ans =

   0.010230000000000


ans =

     9.522622622622653e-06

iter: 4, l: 0.200000, l*m: 2.970252

ans =

   0.006672000000000


ans =

     6.258674674674689e-06

iter: 5, l: 0.250000, l*m: 3.712815

ans =

   0.004297000000000


ans =

     3.986777777777804e-06

iter: 6, l: 0.300000, l*m: 4.455378

ans =

   0.002757000000000


ans =

     2.824775775775797e-06

iter: 7, l: 0.350000, l*m: 5.197941

ans =

   0.001739000000000


ans =

     1.742621621621598e-06

iter: 8, l: 0.400000, l*m: 5.940504

ans =

     9.900000000000009e-04


ans =

     9.828828828828875e-07

iter: 9, l: 0.450000, l*m: 6.683067

ans =

     5.190000000000004e-04


ans =

     5.441831831831810e-07

iter: 10, l: 0.500000, l*m: 7.425630

ans =

     2.190000000000002e-04


ans =

     2.252642642642622e-07

iter: 11, l: 0.550000, l*m: 8.168193

ans =

     6.000000000000005e-05


ans =

     6.246246246246269e-08

iter: 12, l: 0.600000, l*m: 8.910756

ans =

     1.600000000000001e-05


ans =

     1.575975975976002e-08

iter: 13, l: 0.650000, l*m: 9.653319

ans =

     9.000000000000000e-06


ans =

     8.927927927927838e-09

iter: 14, l: 0.700000, l*m: 10.395881

ans =

     6.000000000000000e-06


ans =

     5.969969969970113e-09

iter: 15, l: 0.750000, l*m: 11.138444

ans =

     4.000000000000000e-06


ans =

     3.987987987987918e-09

iter: 16, l: 0.800000, l*m: 11.881007

ans =

     2.000000000000000e-06


ans =

     1.997997997997986e-09

iter: 17, l: 0.850000, l*m: 12.623570

ans =

     1.000000000000000e-06


ans =

     1.000000000000015e-09

iter: 18, l: 0.900000, l*m: 13.366133

ans =

     1.000000000000000e-06


ans =

     1.000000000000015e-09

iter: 19, l: 0.950000, l*m: 14.108696

ans =

     1.000000000000000e-06


ans =

     1.000000000000015e-09

iter: 20, l: 1.000000, l*m: 14.851259

ans =

     0


ans =

     0

>> m: 14.851259
iter: 1, l: 0.050000, l*m: 0.742563

ans =

   0.030465000000000


ans =

     2.693170670670674e-05

iter: 2, l: 0.100000, l*m: 1.485126

ans =

   0.016496000000000


ans =

     1.478076476476472e-05

iter: 3, l: 0.150000, l*m: 2.227689

ans =

   0.010230000000000


ans =

     9.522622622622653e-06

iter: 4, l: 0.200000, l*m: 2.970252

ans =

   0.006672000000000


ans =

     6.258674674674689e-06

iter: 5, l: 0.250000, l*m: 3.712815

ans =

   0.004297000000000


ans =

     3.986777777777804e-06

iter: 6, l: 0.300000, l*m: 4.455378

ans =

   0.002757000000000


ans =

     2.824775775775797e-06

iter: 7, l: 0.350000, l*m: 5.197941

ans =

   0.001739000000000


ans =

     1.742621621621598e-06

iter: 8, l: 0.400000, l*m: 5.940504

ans =

     9.900000000000009e-04


ans =

     9.828828828828875e-07

iter: 9, l: 0.450000, l*m: 6.683067

ans =

     5.190000000000004e-04


ans =