ve./v0

ans =

   0.716313519547388
   0.641163799083910
   0.574050883449498
   0.514974772644152
   0.463935466667873
   0.420932965520659
   0.385967269202511
   0.359038377713429
   0.340146291053412
   0.329291009222461
   0.326472532220576
   0.331690860047757
   0.344945992704004
   0.366237930189317
   0.395566672503695
   0.432932219647140
   0.478334571619650
   0.531773728421226
   0.593249690051867
   0.662762456511575
   0.740312027800349
   0.825898403918188
   0.919521584865093
   1.021181570641064
   1.130878361246101
   1.248611956680204
   1.374382356943372
   1.508189562035607
   1.650033571956907
   1.799914386707273
   1.957832006286705
   2.123786430695203
   2.297777659932766

ve_acv1./v0

ans =

   1.999191151860776
   1.813928495804072
   1.642387001426361
   1.484566668727643
   1.340467497707916
   1.210089488367181
   1.093432640705439
   0.990496954722688
   0.901282430418930
   0.825789067794164
   0.764016866848390
   0.715965827581609
   0.681635949993819
   0.661027234085021
   0.654139679855216
   0.660973287304403
   0.681528056432582
   0.715803987239753
   0.763801079725916
   0.825519333891071
   0.900958749735219
   0.990119327258358
   1.093001066460490
   1.209603967341614
   1.339928029901730
   1.483973254140838
   1.641739640058939
   1.813227187656031
   1.998435896932115
   2.197365767887192
   2.410016800521261
   2.636388994834322
   2.876482350826375

ve_acv2./v0

ans =

   1.183887908190952
   1.123887539495457
   1.069669956924609
   1.021235160478409
   0.978583150156856
   0.941713925959950
   0.910627487887692
   0.885323835940081
   0.865802970117117
   0.852064890418800
   0.844109596845131
   0.841937089396109
   0.845547368071735
   0.854940432872008
   0.870116283796928
   0.891074920846495
   0.917816344020710
   0.950340553319572
   0.988647548743081
   1.032737330291237
   1.082609897964042
   1.138265251761493
   1.199703391683591
   1.266924317730337
   1.339928029901730
   1.418714528197770
   1.503283812618458
   1.593635883163793
   1.689770739833775
   1.791688382628405
   1.899388811547682
   2.012872026591606
   2.132138027760178


ans =

   0.326472532220576


ans =

   0.654139679855216


ans =

   0.841937089396109